10
1.0E11
3.2430516316764665E8 294.06424197527906 3348.863430338805 576.5232454916802 4.7089394932535494E30 
32365.995700207073 1115818.6985339401 47.87100501317774 2946.0853684270605 4.5013731352978754E30 
8.595727463616413E7 128.74813452890444 84.58267396889795 983.4522283331322 2.0323910196732947E30 
4699.10251435121 276607.3432563148 799.7692713737051 5504.004431662356 4.722296070551238E30 
4.729773267873407E7 19282.518187941972 15.845719792806696 11.37621276464048 4.929748824005798E30 
128485.98450564548 4.0762195010087945 22.383688316327895 2.124662025891391 2.2595279416964208E30 
2.2520211683793527E8 1.1764492495385917E7 73.72699904747398 83.12470381055607 2.2134862008864231E30 
588.4536654538891 13.070829470527064 1.8904914488349513 1570.3653148716085 4.061600113252407E30 
944732.8314600707 32.779338816726536 4972.451663178429 242.22573795569588 2.2900497781575138E30 
4564.18130497653 35.46205524416727 581.7997887967482 17.740410117188258 4.741164605558909E30 
